82,81,80,79,78,77,76,75,74,73,72,71,70,69,68,67,66,65,64,63,62,61,60,59,58,57,56,55,54,55,56,57,58,59,60,61,62,63,64,65,66,67,68,69,70,71,72
81,80,79,78,77,76,75,74,73,72,71,70,69,68,67,66,65,64,63,62,61,60,59,58,57,56,55,54,53,54,55,56,57,58,59,60,61,62,63,64,65,66,67,68,69,70,71
80,79,78,77,76,75,74,73,72,71,70,69,68,67,66,65,64,63,62,61,60,59,58,57,56,55,54,53,52,53,54,55,56,57,58,59,60,61,62,63,64,65,66,67,68,69,70
79,78,77,76,75,74,73,72,71,70,69,68,67,66,65,64,63,62,61,60,59,58,57,56,55,54,53,52,51,52,53,54,55,56,57,58,59,60,61,62,63,64,65,66,67,68,69
78,77,76,75,74,73,72,71,70,69,68,67,66,65,64,63,62,61,60,59,58,57,56,55,54,53,52,51,50,51,52,53,54,55,56,57,58,59,60,61,62,63,64,65,66,67,68
77,76,75,74,73,72,71,70,69,68,67,66,65,64,63,62,61,60,59,58,57,56,55,54,53,52,51,50,49,50,51,52,53,54,55,56,57,58,59,60,61,62,63,64,65,66,67
76,75,74,73,72,71,70,69,68,67,66,65,64,63,62,61,60,59,58,57,56,55,54,53,52,51,50,49,48,49,50,51,52,53,54,55,56,57,58,59,60,61,62,63,64,65,66
75,74,73,72,71,70,69,68,67,66,65,64,63,62,61,60,59,58,57,56,55,54,53,52,51,50,49,48,47,48,49,50,51,52,53,54,55,56,57,58,59,60,61,62,63,64,65
74,73,72,71,70,69,68,67,66,65,64,63,62,61,60,59,58,57,56,55,54,53,52,51,50,49,48,47,46,47,48,49,50,51,52,53,54,55,56,57,58,59,60,61,62,63,64
73,72,71,70,69,68,67,66,65,64,63,62,61,60,59,58,57,56,55,54,53,52,51,50,49,48,47,46,45,46,47,48,49,50,51,52,53,54,55,56,57,58,59,60,61,62,63
72,71,70,69,68,67,66,65,64,63,62,61,60,59,58,57,56,55,54,53,52,51,50,49,48,47,46,45,44,45,46,47,48,49,50,51,52,53,54,55,56,57,58,59,60,61,62
71,70,69,68,67,66,65,64,63,62,61,60,59,58,57,56,55,54,53,52,51,50,49,48,47,46,45,44,43,44,45,46,47,48,49,50,51,52,53,54,55,56,57,58,59,60,61
70,69,68,67,66,65,64,63,62,61,60,59,58,57,56,55,54,53,52,51,50,49,48,47,46,45,44,43,42,43,44,45,46,47,48,49,50,51,52,53,54,55,56,57,58,59,60
69,68,67,66,65,64,63,62,61,60,59,58,57,56,55,54,53,52,51,50,49,48,47,46,45,44,43,42,41,42,43,44,45,46,47,48,49,50,51,52,53,54,55,56,57,58,59
68,67,66,65,64,63,62,61,60,59,58,57,56,55,54,53,52,51,50,49,48,47,46,45,44,43,42,41,40,41,42,43,44,45,46,47,48,49,50,51,52,53,54,55,56,57,58
67,66,65,64,63,62,61,60,59,58,57,56,55,54,53,52,51,50,49,48,47,46,45,44,43,42,41,40,39,40,41,42,43,44,45,46,47,48,49,50,51,52,53,54,55,56,57
66,65,64,63,62,61,60,59,58,57,56,55,54,53,52,51,50,49,48,47,46,45,44,43,42,41,40,39,38,39,40,41,42,43,44,45,46,47,48,49,50,51,52,53,54,55,56
65,64,63,62,61,60,59,58,57,56,55,54,53,52,51,50,49,48,47,46,45,44,43,42,41,40,39,38,37,38,39,40,41,42,43,44,45,46,47,48,49,50,51,52,53,54,55
64,63,62,61,60,59,58,57,56,55,54,53,52,51,50,49,48,47,46,45,44,43,42,41,40,39,38,37,36,37,38,39,40,41,42,43,44,45,46,47,48,49,50,51,52,53,54
63,62,61,60,59,58,57,56,55,54,53,52,51,50,49,48,47,46,45,44,43,42,41,40,39,38,37,36,35,36,37,38,39,40,41,42,43,44,45,46,47,48,49,50,51,52,53
62,61,60,59,58,57,56,55,54,53,52,51,50,49,48,47,46,45,44,43,42,41,40,39,38,37,36,35,34,35,36,37,38,39,40,41,42,43,44,45,46,47,48,49,50,51,52
61,60,59,58,57,56,55,54,53,52,51,50,49,48,47,46,45,44,43,42,41,40,39,38,37,36,35,34,33,34,35,36,37,38,39,40,41,42,43,44,45,46,47,48,49,50,51
60,59,58,57,56,55,54,53,52,51,50,49,48,47,46,45,44,43,42,41,40,39,38,37,36,35,34,33,32,33,34,35,36,37,38,39,40,41,42,43,44,45,46,47,48,49,50
59,58,57,56,55,54,53,52,51,50,49,48,47,46,45,44,43,42,41,40,39,38,37,36,35,34,33,32,31,32,33,34,35,36,37,38,39,40,41,42,43,44,45,46,47,48,49
58,57,56,55,54,53,52,51,50,49,48,47,46,45,44,43,42,41,40,39,38,37,36,35,34,33,32,31,30,31,32,33,34,35,36,37,38,39,40,41,42,43,44,45,46,47,48
57,56,55,54,53,52,51,50,49,48,47,46,45,44,43,42,41,40,39,38,37,36,35,34,33,32,31,30,29,30,31,32,33,34,35,36,37,38,39,40,41,42,43,44,45,46,47
56,55,54,53,52,51,50,49,48,47,46,45,44,43,42,41,40,39,38,37,36,35,34,33,32,31,30,29,28,29,30,31,32,33,34,35,36,37,38,39,40,41,42,43,44,45,46
55,54,53,52,51,50,49,48,47,46,45,44,43,42,41,40,39,38,37,36,35,34,33,32,31,30,29,28,27,28,29,30,31,32,33,34,35,36,37,38,39,40,41,42,43,44,45
54,53,52,51,50,49,48,47,46,45,44,43,42,41,40,39,38,37,36,35,34,33,32,31,30,29,28,27,26,27,28,29,30,31,32,33,34,35,36,37,38,39,40,41,42,43,44
53,52,51,50,49,48,47,46,45,44,43,42,41,40,39,38,37,36,35,34,33,32,31,30,29,28,27,26,25,26,27,28,29,30,31,32,33,34,35,36,37,38,39,40,41,42,43
52,51,50,49,48,47,46,45,44,43,42,41,40,39,38,37,36,35,34,33,32,31,30,29,28,27,26,25,24,25,26,27,28,29,30,31,32,33,34,35,36,37,38,39,40,41,42
51,50,49,48,47,46,45,44,43,42,41,40,39,38,37,36,35,34,33,32,31,30,29,28,27,26,25,24,23,24,25,26,27,28,29,30,31,32,33,34,35,36,37,38,39,40,41
50,49,48,47,46,45,44,43,42,41,40,39,38,37,36,35,34,33,32,31,30,29,28,27,26,25,24,23,22,23,24,25,26,27,28,29,30,31,32,33,34,35,36,37,38,39,40
49,48,47,46,45,44,43,42,41,40,39,38,37,36,35,34,33,32,31,30,29,28,27,26,25,24,23,22,21,22,23,24,25,26,27,28,29,30,31,32,33,34,35,36,37,38,39
48,47,46,45,44,43,42,41,40,39,38,37,36,35,34,33,32,31,30,29,28,27,26,25,24,23,22,21,20,21,22,23,24,25,26,27,28,29,30,31,32,33,34,35,36,37,38
47,46,45,44,43,42,41,40,39,38,37,36,35,34,33,32,31,30,29,28,27,26,25,24,23,22,21,20,19,20,21,22,23,24,25,26,27,28,29,30,31,32,33,34,35,36,37
46,45,44,43,42,41,40,39,38,37,36,35,34,33,32,31,30,29,28,27,26,25,24,23,22,21,20,19,18,19,20,21,22,23,24,25,26,27,28,29,30,31,32,33,34,35,36
45,44,43,42,41,40,39,38,37,36,35,34,33,32,31,30,29,28,27,26,25,24,23,22,21,20,19,18,17,18,19,20,21,22,23,24,25,26,27,28,29,30,31,32,33,34,35
44,43,42,41,40,39,38,37,36,35,34,33,32,31,30,29,28,27,26,25,24,23,22,21,20,19,18,17,16,17,18,19,20,21,22,23,24,25,26,27,28,29,30,31,32,33,34
43,42,41,40,39,38,37,36,35,34,33,32,31,30,29,28,27,26,25,24,23,22,21,20,19,18,17,16,15,16,17,18,19,20,21,22,23,24,25,26,27,28,29,30,31,32,33
42,41,40,39,38,37,36,35,34,33,32,31,30,29,28,27,26,25,24,23,22,21,20,19,18,17,16,15,14,15,16,17,18,19,20,21,22,23,24,25,26,27,28,29,30,31,32
41,40,39,38,37,36,35,34,33,32,31,30,29,28,27,26,25,24,23,22,21,20,19,18,17,16,15,14,13,14,15,16,17,18,19,20,21,22,23,24,25,26,27,28,29,30,31
40,39,38,37,36,35,34,33,32,31,30,29,28,27,26,25,24,23,22,21,20,19,18,17,16,15,14,13,12,13,14,15,16,17,18,19,20,21,22,23,24,25,26,27,28,29,30
39,38,37,36,35,34,33,32,31,30,29,28,27,26,25,24,23,22,21,20,19,18,17,16,15,14,13,12,11,12,13,14,15,16,17,18,19,20,21,22,23,24,25,26,27,28,29
38,37,36,35,34,33,32,31,30,29,28,27,26,25,24,23,22,21,20,19,18,17,16,15,14,13,12,11,10,11,12,13,14,15,16,17,18,19,20,21,22,23,24,25,26,27,28
37,36,35,34,33,32,31,30,29,28,27,26,25,24,23,22,21,20,19,18,17,16,15,14,13,12,11,10,9,10,11,12,13,14,15,16,17,18,19,20,21,22,23,24,25,26,27
36,35,34,33,32,31,30,29,28,27,26,25,24,23,22,21,20,19,18,17,16,15,14,13,12,11,10,9,8,9,10,11,12,13,14,15,16,17,18,19,20,21,22,23,24,25,26
35,34,33,32,31,30,29,28,27,26,25,24,23,22,21,20,19,18,17,16,15,14,13,12,11,10,9,8,7,8,9,10,11,12,13,14,15,16,17,18,19,20,21,22,23,24,25